-2.779638788403206856e-02
-3.601777654726344147e-01
-2.839242450900409942e-01
1.479406301572642468e-01
5.878350711225942965e-02
1.103614820059395374e-01
-4.654076582197920475e-02
-1.593457660279422872e-01
2.521166718934921835e-01
4.917768767977801631e-02
-2.414117285853175365e-01
4.331707743843383196e-01
1.755474129728002153e-01
5.169083065322394033e-02
2.383889347431882369e-02
-5.018560061562771235e-02
-1.676628290392570553e-02
-5.972246358518506354e-02
9.378238437403828287e-02
-3.270246841975967267e-01
-2.049287243412445114e-01
1.510605305184355707e-01
-1.725787182816296006e-01
-4.465965737519029255e-01
1.753713484025826996e-01
1.007626715411444676e-03
3.365660188707282341e-01
-3.377892289681033167e-01
2.909839143240858239e-02
-2.459778235213565534e-01
-3.931377136392095739e-01
-3.590984705020875412e-01
3.225908315489802169e-01
-1.327198768380150051e-01
2.539227702886476257e-01
-4.427708240088205072e-01
1.383518505017389544e-01
-4.594894174869668668e-01
4.547965949309044076e-01
4.785020903929352309e-01
7.804223020744319173e-02
-2.107451754570157099e-01
2.104854949090875227e-01
-3.191176915185485741e-01
1.330705005893349502e-01
1.406835003504531834e-01
4.209726553789148312e-02
-2.950209427294091524e-01
-3.822909896219948700e-01
6.771047784476142556e-03
-1.954811281811822399e-01
1.194349699941568421e-01
-2.819304989732526745e-01
-1.805688201306768492e-01
4.209578372442118743e-02
5.594291037975991643e-04
-6.047077777167473300e-01
9.757874099817398506e-02
2.828695480850226263e-01
-4.329681686649956146e-02
-1.777322078441559428e-01
6.265281785116341706e-02
-1.501340694064730863e-01
1.234058747534214628e-01
5.092777830857689869e-01
-8.391978350621898119e-02
-1.091110839036790736e-01
2.630139178625147747e-02
-1.249293494996632503e-01
2.905662251980797306e-01
-7.304059806824231282e-02
9.937671028765396666e-03
-4.537855712571258193e-01
-1.646171775553416650e-01
-3.909860997188476794e-01
3.061553879583626264e-02
-6.872944385736667883e-02
4.801564181662305586e-01
2.552670610990149386e-02
1.176428282217526211e-01
-5.314587637285875799e-01
9.101018426170941200e-02
2.260335443485606000e-01
4.597050879091137653e-03
-8.747435472147607749e-02
5.680352832017911656e-03
-7.949077384014044401e-02
3.099171786292429509e-01
-6.675214012278503362e-02
1.422563967628105441e-01
